1
20
14
20
14
16
15
19
16
13
14
18
18
19
20
11
11
12
18
12
19
16
3 10 17
2 4 17
1 5 17
5 20 4
10 18 4
7 1 17
3 6 5
8 13 20
8 2 6
7 7 20
10 15 2
4 8 18
4 9 13
7 19 15
1 16 19
2 12 8
3 11 18
1 3 2
9 14 4
2
20
18
16
14
15
15
15
14
19
17
18
16
11
12
15
19
19
14
11
19
12
5 2 1
5 3 1
7 4 2
7 5 2
9 6 1
6 7 6
5 8 3
3 9 2
6 10 1
3 11 2
5 12 11
5 13 8
3 14 7
9 15 5
1 16 1
6 17 16
10 18 13
1 19 17
9 20 13
3
20
17
11
16
18
12
20
19
11
16
18
17
14
15
20
12
14
18
18
15
16
3 17 10
2 3 10
1 19 10
5 20 3
10 5 3
7 12 10
3 7 19
8 14 20
8 6 7
10 2 10
6 1 2
6 4 20
2 11 10
9 15 14
5 8 3
10 16 6
5 18 8
6 9 3
6 13 4
4
20
19
12
14
16
15
20
16
13
20
11
18
16
14
18
18
20
16
16
20
15
3 15 14
2 7 14
1 5 14
5 12 7
10 2 7
7 3 14
3 1 5
8 16 12
8 19 1
7 17 12
4 4 12
1 6 4
8 9 2
9 18 16
10 11 1
3 13 18
10 8 18
6 20 2
1 10 11
5
20
16
19
16
15
16
20
14
20
18
15
20
13
11
14
18
20
16
14
16
12
3 9 15
2 5 15
1 4 15
5 1 5
10 20 5
7 7 15
3 2 4
8 16 1
8 6 2
6 3 4
2 8 15
1 11 1
1 18 20
6 13 5
4 19 15
7 10 19
10 12 5
4 17 9
5 14 8
6
20
16
18
20
12
18
20
13
12
19
14
16
13
14
17
13
20
18
18
13
17
4 2 1
9 3 2
7 4 3
6 5 2
3 6 5
4 7 6
9 8 1
2 9 2
1 10 5
6 11 5
4 12 7
8 13 2
8 14 3
4 15 9
6 16 5
2 17 16
2 18 9
5 19 11
3 20 2
7
20
14
20
17
20
11
19
16
14
18
11
19
19
15
18
15
11
11
18
19
12
1 2 1
7 3 2
7 4 2
5 5 1
5 6 5
2 7 1
5 8 3
6 9 1
10 10 5
4 11 6
7 12 5
8 13 6
8 14 3
3 15 6
4 16 8
10 17 1
2 18 17
5 19 15
4 20 16
8
20
19
19
14
14
15
16
18
14
20
20
17
14
20
14
12
15
18
16
19
11
3 7 17
2 6 17
1 5 17
5 18 6
10 15 6
7 4 17
3 2 5
8 10 18
8 13 2
9 9 7
1 14 4
2 1 14
10 11 1
7 8 11
9 19 15
8 3 11
6 20 5
10 12 20
4 16 20
9
20
13
17
13
12
13
16
13
13
15
14
12
12
14
12
16
20
16
15
19
14
6 2 1
2 3 2
8 4 3
9 5 1
3 6 3
4 7 2
9 8 1
8 9 5
8 10 6
7 11 4
2 12 9
6 13 5
3 14 8
8 15 13
4 16 10
5 17 3
4 18 3
6 19 17
5 20 13
10
20
16
20
14
15
15
18
11
16
12
18
19
20
11
16
14
12
12
12
12
14
3 10 6
2 8 6
1 4 6
5 14 8
10 18 8
7 3 6
3 11 4
8 12 14
8 2 11
9 17 12
5 1 3
6 19 3
3 7 12
1 9 8
4 5 6
1 16 7
7 20 12
10 13 19
5 15 8
